1028228 1621453 1549345 190527 854406 1070369 281725 1043224 1904255 1626886 1141902 1407079 157723 28854 371424 991688
2072005 376622 1673918 1439382 1458602 353066 1603637 1744878 842934 495909 431121 343212 498325 608604 1523677 1506668
2078130 1921995 27111 622729 369466 64558 1481017 519712 1703705 36353 1948064 1954829 604155 495743 1746855 1556972
1440587 1622693 1146011 1156376 1990967 644911 1874568 976046 514217 2027672 555066 1588618 1954637 122141 11581 1793608
995729 1118906 1490396 541507 1470111 158507 1648420 545432 1608804 1417196 1387233 735267 442251 1214008 56223 360832
973698 985868 977065 1899018 425587 1634084 1813004 2016990 1899851 2048763 2026644 1786584 4022 1549006 949708 236180
2047007 1782425 1931265 338029 1704883 1530392 282176 2003072 314974 934086 1939538 695465 1087180 199137 237254 1890435
87656 905315 1746662 781676 2044255 1270536 1310399 376446 942749 1884238 1427741 607382 1697742 676463 1280396 141903
1895773 2026344 225367 141319 1505912 1999093 1861259 1318872 1498376 1878161 580084 326047 546236 1495930 1722653 1982199
1082367 1460906 626516 948030 332284 1436381 1044643 1786766 663712 499857 320982 1653444 193430 1418240 829563 361851
89420 1799463 229084 1915409 2091756 1218498 1165318 948384 1232995 986956 1361861 2049797 1807453 498434 537253 404699
752709 373216 1866225 1085312 47176 1654434 382902 1232398 675666 793540 1055424 1973602 2018063 1134465 209562 1582103
1156074 788438 293778 1070730 1273104 677503 51890 987864 573549 1027319 735686 1735898 256685 727163 1880924 858671
874299 1392135 16062 1715761 441412 1185367 1575929 1824254 1377972 1206759 475097 451695 1902135 1117426 819178 32291
2021689 514933 1654391 1144180 1841381 1602859 1164941 1271423 1361192 309650 133112 1282848 454829 1246180 1254211 491251
1912034 1713950 898492 1002323 1553905 1124860 1369453 119645 1859271 2015993 404771 2000877 1654031 300115 649321 68511
398647 141316 40844 1216206 1082985 764872 1643416 1371031 2029202 1076509 1772121 229846 1457758 857405 1235547 381735
922936 369957 636649 1040101 15693 209297 1489936 802349 1994633 1138428 1358492 786395 1771416 1547683 574488 1590411
1077221 664962 358098 105112 1265053 963157 1509844 596511 1797292 1114008 268523 2048252 1010622 197766 995490 1347275
2041918 323612 334406 1564903 1632858 1107222 255971 2002541 348412 423407 442437 1197113 1441232 1171684 158456 41191
1245508 723953 2006087 561362 1246850 540882 1573183 92695 671607 43267 1510316 1558674 1839310 1739199 491034 1845727
1801717 81923 1882068 2050393 414998 2030731 966887 1588253 465694 1458130 1840671 1068295 636857 1512981 1848583 1087667
975186 791376 976876 878972 674070 1773375 1331675 742271 1541873 1417565 1686173 1708184 1164687 1400040 465601 72802
1715803 2084058 1664913 1708091 1643906 929775 1416986 1359677 386544 1373349 37928 70213 118097 455990 490055 1745902
1124368 1078175 340418 1186966 2075995 382364 1069990 1068631 1792795 139432 1965503 987406 1188351 1127937 351896 253526
1986930 118433 1048959 1584525 902047 1783620 187006 757709 1034611 1231976 791137 1805299 1431193 1914439 103094 866970
1240447 1533150 1855943 1352224 379727 216041 1859233 1430175 1692662 1335011 109840 1819124 704032 511241 369056 59322
1507128 294231 89500 366927 849771 2017929 838417 1058253 2022821 1834779 157899 1225233 617362 1151304 1300053 1234102
1657245 1842957 1777661 979481 1784563 666150 1362637 1923159 199040 1479694 958609 72521 1389040 973314 1522647 1093774
2052014 69886 1725417 674688 739559 893374 1427668 1177917 1653383 1623230 1273700 1408158 795706 1556025 1285413 1174082
1397868 1432108 1340514 1508483 693320 862290 127016 284542 1250235 981033 1749059 1840399 1512816 1578219 1410366 504018
1989333 835989 1293415 670754 610324 1602787 797640 1868316 1112090 873808 1769006 975772 1677458 2061594 147236 848702
271850 1560123 468727 2019677 683852 1769071 1582771 280598 1182373 2081588 504868 370501 131233 1127876 513494 1466502
473259 1623836 1208084 353076 1287408 785400 674795 1521772 274012 1698003 60711 384778 1663131 1338858 857171 157610
972312 1127225 1970109 1331367 1926144 1991804 1558127 1221150 1312319 470319 230454 1231339 1280897 259213 99741 604074
1638705 1202579 476145 1554614 188285 1109757 1474878 365612 1897807 1750854 1643600 1926888 2036819 1990827 881843 835462
687351 868648 1050290 96865 1182309 1970809 862042 56726 1646218 2059802 522359 1340673 1396241 1444166 126101 568894
2018408 176378 987903 1651880 1808313 787954 205762 462172 1139953 522409 215978 1340214 674748 66908 571458 160466
1585797 1257479 2089943 804491 195193 1884262 1089910 1864318 879492 2014708 1763560 1548423 1892434 601071 1335996 1653825
1028686 984401 1225788 1953546 943525 1964246 953205 1514492 234819 1434876 748339 392180 433876 1840125 1062658 1440141
331459 407510 1867565 1486117 1494078 1648195 429249 973014 591150 1529023 929162 345213 776770 1774728 1064979 1792437
969445 1609368 458666 1408988 1564994 229291 200793 866316 106054 1356863 609004 588066 763292 738446 84209 1428409
666034 364693 45234 2008623 6066 916496 2048316 1935518 1049481 1534586 2072155 153827 1037283 359184 1629339 753305
732715 1869006 838983 802590 41614 1397360 1509996 1890700 366584 1089138 49878 1073856 1898517 413455 345616 811349
826192 815684 1265768 1976744 1930454 1178061 1513192 653782 1212051 603941 1643356 1037752 156979 1972105 1937490 140013
2094113 1318901 1111316 656591 1917322 534821 840111 1407100 1415770 1170325 109295 733389 667197 60288 1148512 12897
1932191 1184995 472653 733074 1670059 1562489 1467843 1156221 822862 1241792 1074318 701182 599603 1483250 1684281 1294001
1324232 1349644 806674 1231089 939575 834506 1228323 167131 245101 1876903 514873 285515 974869 709089 483807 1291997
1696413 634994 1784418 1552364 705583 937238 1148366 917653 412344 1496395 485871 780468 1421028 1888843 1350993 1100261
1771550 992531 242495 426883 30867 1032799 206790 757419 923951 1126058 1780658 186937 1222046 1030705 1323150 353993
714827 163056 1717416 1155766 1304163 4771 577290 1345053 1297362 1251014 785281 552666 366404 1728660 108184 375945
1279524 1113866 522652 76933 802976 1701092 288409 1308139 2016674 767133 1012827 632215 595670 1530994 1133166 1030693
369834 504415 1768733 196592 227912 1302560 563573 1486101 1386909 126769 1569090 1129840 161620 1377485 10000 1773213
575195 220657 1440298 1752055 1459804 1051481 578205 1784475 776900 290176 298293 1553765 1166271 356515 264061 600305
733112 35006 27586 1163162 1316828 814477 605457 126333 1473559 1676939 1123123 1264758 124693 947958 1799863 1390624
1172033 752072 1477863 469465 991688 1228221 967632 1889467 1536150 1020243 413246 524707 1596503 1683140 1949629 273196
565622 1062925 1661080 2087348 808737 553706 987612 2080597 1039169 804054 616789 1545196 360069 290575 716174 1356052
1175640 690831 2001365 1469995 1272549 2016274 37428 1064011 1023769 1923094 823159 1147473 1335455 1035989 1821484 997592
1511909 1439820 39837 738878 2019349 174135 683991 1415837 352028 537105 2005926 199634 1758630 1090839 1172374 1438072
1575198 1951813 968946 1343725 768433 841303 1349063 584011 949835 1702345 1779937 470895 618648 2066646 491979 1362420
1808643 852347 1903827 916791 662201 1164660 1552131 325461 466854 1545788 1741351 1485863 1803382 577808 2076877 1143116
2049172 1993452 1319487 612894 828973 1158284 861834 1463227 1713709 896620 127610 1573116 468032 1873095 1457051 1791616
478930 822170 99384 1963681 1625870 557728 2041694 740732 1127649 43351 1254617 1010925 860918 2009849 1027380 1812624
965307 109187 486845 1634752 1493082 1965745 1612926 258970 306880 1879550 1885252 978682 594840 1485480 610458 349820

